0.000000	-0.029051
0.002004	-0.029051
0.004008	-0.029049
0.006012	-0.029047
0.008016	-0.029043
0.010020	-0.029038
0.012024	-0.029033
0.014028	-0.029026
0.016032	-0.029018
0.018036	-0.029009
0.020040	-0.029000
0.022044	-0.028989
0.024048	-0.028977
0.026052	-0.028964
0.028056	-0.028950
0.030060	-0.028935
0.032064	-0.028919
0.034068	-0.028901
0.036072	-0.028883
0.038076	-0.028864
0.040080	-0.028843
0.042084	-0.028821
0.044088	-0.028799
0.046092	-0.028775
0.048096	-0.028750
0.050100	-0.028723
0.052104	-0.028696
0.054108	-0.028667
0.056112	-0.028638
0.058116	-0.028607
0.060120	-0.028574
0.062124	-0.028541
0.064128	-0.028506
0.066132	-0.028470
0.068136	-0.028433
0.070140	-0.028394
0.072144	-0.028354
0.074148	-0.028313
0.076152	-0.028270
0.078156	-0.028226
0.080160	-0.028180
0.082164	-0.028133
0.084168	-0.028085
0.086172	-0.028035
0.088176	-0.027983
0.090180	-0.027930
0.092184	-0.027876
0.094188	-0.027820
0.096192	-0.027762
0.098196	-0.027703
0.100200	-0.027642
0.102204	-0.027579
0.104208	-0.027515
0.106212	-0.027449
0.108216	-0.027381
0.110220	-0.027312
0.112224	-0.027241
0.114228	-0.027168
0.116232	-0.027093
0.118236	-0.027016
0.120240	-0.026937
0.122244	-0.026856
0.124248	-0.026774
0.126253	-0.026689
0.128257	-0.026603
0.130261	-0.026514
0.132265	-0.026424
0.134269	-0.026331
0.136273	-0.026236
0.138277	-0.026139
0.140281	-0.026040
0.142285	-0.025938
0.144289	-0.025835
0.146293	-0.025729
0.148297	-0.025621
0.150301	-0.025511
0.152305	-0.025398
0.154309	-0.025283
0.156313	-0.025165
0.158317	-0.025045
0.160321	-0.024923
0.162325	-0.024798
0.164329	-0.024670
0.166333	-0.024541
0.168337	-0.024408
0.170341	-0.024273
0.172345	-0.024135
0.174349	-0.023995
0.176353	-0.023852
0.178357	-0.023706
0.180361	-0.023557
0.182365	-0.023406
0.184369	-0.023252
0.186373	-0.023095
0.188377	-0.022935
0.190381	-0.022772
0.192385	-0.022607
0.194389	-0.022438
0.196393	-0.022267
0.198397	-0.022092
0.200401	-0.021915
0.202405	-0.021734
0.204409	-0.021550
0.206413	-0.021364
0.208417	-0.021174
0.210421	-0.020981
0.212425	-0.020784
0.214429	-0.020585
0.216433	-0.020382
0.218437	-0.020176
0.220441	-0.019967
0.222445	-0.019754
0.224449	-0.019538
0.226453	-0.019319
0.228457	-0.019096
0.230461	-0.018870
0.232465	-0.018641
0.234469	-0.018408
0.236473	-0.018171
0.238477	-0.017931
0.240481	-0.017688
0.242485	-0.017440
0.244489	-0.017190
0.246493	-0.016935
0.248497	-0.016677
0.250501	-0.016416
0.252505	-0.016150
0.254509	-0.015881
0.256513	-0.015608
0.258517	-0.015332
0.260521	-0.015052
0.262525	-0.014768
0.264529	-0.014480
0.266533	-0.014188
0.268537	-0.013892
0.270541	-0.013593
0.272545	-0.013290
0.274549	-0.012983
0.276553	-0.012671
0.278557	-0.012356
0.280561	-0.012037
0.282565	-0.011714
0.284569	-0.011387
0.286573	-0.011056
0.288577	-0.010721
0.290581	-0.010382
0.292585	-0.010039
0.294589	-0.009692
0.296593	-0.009341
0.298597	-0.008985
0.300601	-0.008626
0.302605	-0.008262
0.304609	-0.007894
0.306613	-0.007522
0.308617	-0.007146
0.310621	-0.006766
0.312625	-0.006381
0.314629	-0.005992
0.316633	-0.005600
0.318637	-0.005202
0.320641	-0.004801
0.322645	-0.004395
0.324649	-0.003985
0.326653	-0.003571
0.328657	-0.003153
0.330661	-0.002730
0.332665	-0.002303
0.334669	-0.001872
0.336673	-0.001436
0.338677	-0.000996
0.340681	-0.000552
0.342685	-0.000103
0.344689	0.000350
0.346693	0.000807
0.348697	0.001269
0.350701	0.001735
0.352705	0.002205
0.354709	0.002680
0.356713	0.003159
0.358717	0.003642
0.360721	0.004130
0.362725	0.004622
0.364729	0.005119
0.366733	0.005619
0.368737	0.006125
0.370741	0.006634
0.372745	0.007148
0.374749	0.007666
0.376754	0.008189
0.378758	0.008716
0.380762	0.009247
0.382766	0.009783
0.384770	0.010323
0.386774	0.010868
0.388778	0.011416
0.390782	0.011970
0.392786	0.012527
0.394790	0.013089
0.396794	0.013655
0.398798	0.014225
0.400802	0.014800
0.402806	0.015379
0.404810	0.015962
0.406814	0.016550
0.408818	0.017142
0.410822	0.017738
0.412826	0.018338
0.414830	0.018943
0.416834	0.019552
0.418838	0.020165
0.420842	0.020782
0.422846	0.021404
0.424850	0.022029
0.426854	0.022659
0.428858	0.023293
0.430862	0.023932
0.432866	0.024574
0.434870	0.025220
0.436874	0.025871
0.438878	0.026526
0.440882	0.027184
0.442886	0.027847
0.444890	0.028514
0.446894	0.029185
0.448898	0.029860
0.450902	0.030539
0.452906	0.031222
0.454910	0.031909
0.456914	0.032600
0.458918	0.033294
0.460922	0.033993
0.462926	0.034695
0.464930	0.035402
0.466934	0.036112
0.468938	0.036826
0.470942	0.037544
0.472946	0.038265
0.474950	0.038991
0.476954	0.039720
0.478958	0.040453
0.480962	0.041189
0.482966	0.041929
0.484970	0.042673
0.486974	0.043420
0.488978	0.044171
0.490982	0.044926
0.492986	0.045684
0.494990	0.046445
0.496994	0.047210
0.498998	0.047978
0.501002	0.048750
0.503006	0.049525
0.505010	0.050304
0.507014	0.051086
0.509018	0.051871
0.511022	0.052660
0.513026	0.053451
0.515030	0.054246
0.517034	0.055044
0.519038	0.055846
0.521042	0.056650
0.523046	0.057457
0.525050	0.058268
0.527054	0.059081
0.529058	0.059898
0.531062	0.060717
0.533066	0.061539
0.535070	0.062365
0.537074	0.063193
0.539078	0.064024
0.541082	0.064857
0.543086	0.065694
0.545090	0.066533
0.547094	0.067374
0.549098	0.068219
0.551102	0.069066
0.553106	0.069915
0.555110	0.070767
0.557114	0.071621
0.559118	0.072478
0.561122	0.073338
0.563126	0.074199
0.565130	0.075063
0.567134	0.075929
0.569138	0.076798
0.571142	0.077668
0.573146	0.078541
0.575150	0.079416
0.577154	0.080293
0.579158	0.081172
0.581162	0.082053
0.583166	0.082936
0.585170	0.083820
0.587174	0.084707
0.589178	0.085595
0.591182	0.086485
0.593186	0.087377
0.595190	0.088271
0.597194	0.089166
0.599198	0.090063
0.601202	0.090961
0.603206	0.091860
0.605210	0.092762
0.607214	0.093664
0.609218	0.094568
0.611222	0.095473
0.613226	0.096380
0.615230	0.097287
0.617234	0.098196
0.619238	0.099106
0.621242	0.100017
0.623246	0.100928
0.625251	0.101841
0.627255	0.102755
0.629259	0.103670
0.631263	0.104585
0.633267	0.105501
0.635271	0.106418
0.637275	0.107335
0.639279	0.108253
0.641283	0.109172
0.643287	0.110091
0.645291	0.111010
0.647295	0.111930
0.649299	0.112850
0.651303	0.113770
0.653307	0.114691
0.655311	0.115612
0.657315	0.116533
0.659319	0.117453
0.661323	0.118374
0.663327	0.119295
0.665331	0.120216
0.667335	0.121136
0.669339	0.122057
0.671343	0.122977
0.673347	0.123896
0.675351	0.124816
0.677355	0.125734
0.679359	0.126653
0.681363	0.127570
0.683367	0.128488
0.685371	0.129404
0.687375	0.130320
0.689379	0.131234
0.691383	0.132148
0.693387	0.133061
0.695391	0.133973
0.697395	0.134884
0.699399	0.135794
0.701403	0.136703
0.703407	0.137610
0.705411	0.138516
0.707415	0.139421
0.709419	0.140325
0.711423	0.141227
0.713427	0.142127
0.715431	0.143026
0.717435	0.143923
0.719439	0.144818
0.721443	0.145712
0.723447	0.146604
0.725451	0.147494
0.727455	0.148381
0.729459	0.149267
0.731463	0.150151
0.733467	0.151033
0.735471	0.151912
0.737475	0.152789
0.739479	0.153664
0.741483	0.154536
0.743487	0.155406
0.745491	0.156273
0.747495	0.157138
0.749499	0.158000
0.751503	0.158859
0.753507	0.159715
0.755511	0.160569
0.757515	0.161419
0.759519	0.162267
0.761523	0.163111
0.763527	0.163953
0.765531	0.164791
0.767535	0.165626
0.769539	0.166457
0.771543	0.167285
0.773547	0.168110
0.775551	0.168931
0.777555	0.169748
0.779559	0.170562
0.781563	0.171372
0.783567	0.172179
0.785571	0.172981
0.787575	0.173779
0.789579	0.174574
0.791583	0.175364
0.793587	0.176150
0.795591	0.176932
0.797595	0.177710
0.799599	0.178483
0.801603	0.179252
0.803607	0.180017
0.805611	0.180777
0.807615	0.181532
0.809619	0.182283
0.811623	0.183028
0.813627	0.183769
0.815631	0.184505
0.817635	0.185237
0.819639	0.185963
0.821643	0.186684
0.823647	0.187399
0.825651	0.188110
0.827655	0.188815
0.829659	0.189515
0.831663	0.190209
0.833667	0.190898
0.835671	0.191582
0.837675	0.192259
0.839679	0.192931
0.841683	0.193597
0.843687	0.194258
0.845691	0.194912
0.847695	0.195560
0.849699	0.196203
0.851703	0.196839
0.853707	0.197469
0.855711	0.198093
0.857715	0.198710
0.859719	0.199321
0.861723	0.199925
0.863727	0.200523
0.865731	0.201115
0.867735	0.201699
0.869739	0.202277
0.871743	0.202848
0.873747	0.203412
0.875752	0.203970
0.877756	0.204520
0.879760	0.205063
0.881764	0.205599
0.883768	0.206128
0.885772	0.206649
0.887776	0.207164
0.889780	0.207670
0.891784	0.208170
0.893788	0.208661
0.895792	0.209146
0.897796	0.209622
0.899800	0.210091
0.901804	0.210552
0.903808	0.211005
0.905812	0.211450
0.907816	0.211887
0.909820	0.212316
0.911824	0.212737
0.913828	0.213150
0.915832	0.213554
0.917836	0.213950
0.919840	0.214338
0.921844	0.214717
0.923848	0.215088
0.925852	0.215450
0.927856	0.215804
0.929860	0.216149
0.931864	0.216485
0.933868	0.216812
0.935872	0.217131
0.937876	0.217440
0.939880	0.217741
0.941884	0.218033
0.943888	0.218315
0.945892	0.218588
0.947896	0.218852
0.949900	0.219107
0.951904	0.219352
0.953908	0.219588
0.955912	0.219815
0.957916	0.220032
0.959920	0.220239
0.961924	0.220437
0.963928	0.220626
0.965932	0.220804
0.967936	0.220973
0.969940	0.221132
0.971944	0.221280
0.973948	0.221419
0.975952	0.221549
0.977956	0.221668
0.979960	0.221776
0.981964	0.221875
0.983968	0.221964
0.985972	0.222042
0.987976	0.222110
0.989980	0.222168
0.991984	0.222215
0.993988	0.222252
0.995992	0.222278
0.997996	0.222294
1.000000	0.222299
