0.000000	-1.313182
0.002004	-1.307621
0.004008	-1.301816
0.006012	-1.295769
0.008016	-1.289485
0.010020	-1.282967
0.012024	-1.276217
0.014028	-1.269241
0.016032	-1.262040
0.018036	-1.254618
0.020040	-1.246979
0.022044	-1.239127
0.024048	-1.231063
0.026052	-1.222793
0.028056	-1.214318
0.030060	-1.205643
0.032064	-1.196771
0.034068	-1.187704
0.036072	-1.178447
0.038076	-1.169002
0.040080	-1.159374
0.042084	-1.149564
0.044088	-1.139577
0.046092	-1.129415
0.048096	-1.119082
0.050100	-1.108582
0.052104	-1.097916
0.054108	-1.087089
0.056112	-1.076103
0.058116	-1.064963
0.060120	-1.053670
0.062124	-1.042228
0.064128	-1.030641
0.066132	-1.018910
0.068136	-1.007041
0.070140	-0.995034
0.072144	-0.982895
0.074148	-0.970625
0.076152	-0.958228
0.078156	-0.945707
0.080160	-0.933064
0.082164	-0.920304
0.084168	-0.907428
0.086172	-0.894440
0.088176	-0.881343
0.090180	-0.868140
0.092184	-0.854834
0.094188	-0.841427
0.096192	-0.827923
0.098196	-0.814325
0.100200	-0.800635
0.102204	-0.786857
0.104208	-0.772993
0.106212	-0.759046
0.108216	-0.745019
0.110220	-0.730915
0.112224	-0.716736
0.114228	-0.702486
0.116232	-0.688168
0.118236	-0.673783
0.120240	-0.659335
0.122244	-0.644827
0.124248	-0.630261
0.126253	-0.615640
0.128257	-0.600967
0.130261	-0.586245
0.132265	-0.571475
0.134269	-0.556661
0.136273	-0.541806
0.138277	-0.526912
0.140281	-0.511982
0.142285	-0.497018
0.144289	-0.482023
0.146293	-0.466999
0.148297	-0.451950
0.150301	-0.436877
0.152305	-0.421783
0.154309	-0.406671
0.156313	-0.391543
0.158317	-0.376402
0.160321	-0.361250
0.162325	-0.346089
0.164329	-0.330922
0.166333	-0.315752
0.168337	-0.300581
0.170341	-0.285411
0.172345	-0.270244
0.174349	-0.255083
0.176353	-0.239931
0.178357	-0.224789
0.180361	-0.209660
0.182365	-0.194546
0.184369	-0.179450
0.186373	-0.164373
0.188377	-0.149318
0.190381	-0.134287
0.192385	-0.119283
0.194389	-0.104307
0.196393	-0.089361
0.198397	-0.074448
0.200401	-0.059571
0.202405	-0.044730
0.204409	-0.029928
0.206413	-0.015168
0.208417	-0.000450
0.210421	0.014222
0.212425	0.028847
0.214429	0.043423
0.216433	0.057947
0.218437	0.072419
0.220441	0.086835
0.222445	0.101195
0.224449	0.115495
0.226453	0.129735
0.228457	0.143913
0.230461	0.158026
0.232465	0.172072
0.234469	0.186051
0.236473	0.199960
0.238477	0.213798
0.240481	0.227562
0.242485	0.241251
0.244489	0.254864
0.246493	0.268398
0.248497	0.281853
0.250501	0.295225
0.252505	0.308515
0.254509	0.321720
0.256513	0.334839
0.258517	0.347870
0.260521	0.360811
0.262525	0.373661
0.264529	0.386420
0.266533	0.399084
0.268537	0.411653
0.270541	0.424126
0.272545	0.436500
0.274549	0.448776
0.276553	0.460950
0.278557	0.473022
0.280561	0.484992
0.282565	0.496856
0.284569	0.508614
0.286573	0.520266
0.288577	0.531809
0.290581	0.543243
0.292585	0.554566
0.294589	0.565777
0.296593	0.576875
0.298597	0.587859
0.300601	0.598728
0.302605	0.609481
0.304609	0.620116
0.306613	0.630634
0.308617	0.641032
0.310621	0.651310
0.312625	0.661467
0.314629	0.671501
0.316633	0.681413
0.318637	0.691201
0.320641	0.700864
0.322645	0.710402
0.324649	0.719814
0.326653	0.729098
0.328657	0.738254
0.330661	0.747282
0.332665	0.756180
0.334669	0.764948
0.336673	0.773586
0.338677	0.782092
0.340681	0.790466
0.342685	0.798707
0.344689	0.806815
0.346693	0.814790
0.348697	0.822629
0.350701	0.830334
0.352705	0.837904
0.354709	0.845337
0.356713	0.852634
0.358717	0.859794
0.360721	0.866817
0.362725	0.873702
0.364729	0.880449
0.366733	0.887058
0.368737	0.893528
0.370741	0.899858
0.372745	0.906049
0.374749	0.912101
0.376754	0.918012
0.378758	0.923783
0.380762	0.929414
0.382766	0.934904
0.384770	0.940253
0.386774	0.945461
0.388778	0.950527
0.390782	0.955453
0.392786	0.960237
0.394790	0.964879
0.396794	0.969379
0.398798	0.973738
0.400802	0.977955
0.402806	0.982030
0.404810	0.985964
0.406814	0.989755
0.408818	0.993405
0.410822	0.996913
0.412826	1.000279
0.414830	1.003503
0.416834	1.006586
0.418838	1.009528
0.420842	1.012328
0.422846	1.014987
0.424850	1.017504
0.426854	1.019881
0.428858	1.022117
0.430862	1.024213
0.432866	1.026168
0.434870	1.027984
0.436874	1.029659
0.438878	1.031195
0.440882	1.032591
0.442886	1.033848
0.444890	1.034967
0.446894	1.035947
0.448898	1.036789
0.450902	1.037493
0.452906	1.038060
0.454910	1.038489
0.456914	1.038782
0.458918	1.038938
0.460922	1.038958
0.462926	1.038843
0.464930	1.038592
0.466934	1.038207
0.468938	1.037688
0.470942	1.037034
0.472946	1.036247
0.474950	1.035327
0.476954	1.034275
0.478958	1.033091
0.480962	1.031775
0.482966	1.030328
0.484970	1.028751
0.486974	1.027044
0.488978	1.025208
0.490982	1.023242
0.492986	1.021148
0.494990	1.018927
0.496994	1.016578
0.498998	1.014103
0.501002	1.011502
0.503006	1.008775
0.505010	1.005923
0.507014	1.002947
0.509018	0.999848
0.511022	0.996625
0.513026	0.993280
0.515030	0.989814
0.517034	0.986226
0.519038	0.982517
0.521042	0.978689
0.523046	0.974742
0.525050	0.970676
0.527054	0.966493
0.529058	0.962192
0.531062	0.957775
0.533066	0.953242
0.535070	0.948593
0.537074	0.943831
0.539078	0.938954
0.541082	0.933965
0.543086	0.928863
0.545090	0.923650
0.547094	0.918326
0.549098	0.912891
0.551102	0.907347
0.553106	0.901694
0.555110	0.895934
0.557114	0.890066
0.559118	0.884091
0.561122	0.878011
0.563126	0.871826
0.565130	0.865536
0.567134	0.859142
0.569138	0.852646
0.571142	0.846048
0.573146	0.839348
0.575150	0.832548
0.577154	0.825648
0.579158	0.818649
0.581162	0.811552
0.583166	0.804357
0.585170	0.797065
0.587174	0.789678
0.589178	0.782195
0.591182	0.774618
0.593186	0.766947
0.595190	0.759183
0.597194	0.751327
0.599198	0.743380
0.601202	0.735342
0.603206	0.727214
0.605210	0.718998
0.607214	0.710693
0.609218	0.702300
0.611222	0.693822
0.613226	0.685257
0.615230	0.676607
0.617234	0.667873
0.619238	0.659055
0.621242	0.650155
0.623246	0.641173
0.625251	0.632110
0.627255	0.622966
0.629259	0.613743
0.631263	0.604441
0.633267	0.595062
0.635271	0.585605
0.637275	0.576072
0.639279	0.566463
0.641283	0.556780
0.643287	0.547023
0.645291	0.537193
0.647295	0.527290
0.649299	0.517316
0.651303	0.507272
0.653307	0.497157
0.655311	0.486974
0.657315	0.476722
0.659319	0.466403
0.661323	0.456017
0.663327	0.445565
0.665331	0.435049
0.667335	0.424468
0.669339	0.413824
0.671343	0.403117
0.673347	0.392349
0.675351	0.381520
0.677355	0.370631
0.679359	0.359682
0.681363	0.348675
0.683367	0.337611
0.685371	0.326490
0.687375	0.315313
0.689379	0.304081
0.691383	0.292795
0.693387	0.281456
0.695391	0.270064
0.697395	0.258620
0.699399	0.247125
0.701403	0.235581
0.703407	0.223987
0.705411	0.212345
0.707415	0.200656
0.709419	0.188920
0.711423	0.177139
0.713427	0.165312
0.715431	0.153442
0.717435	0.141528
0.719439	0.129573
0.721443	0.117576
0.723447	0.105539
0.725451	0.093462
0.727455	0.081346
0.729459	0.069193
0.731463	0.057003
0.733467	0.044776
0.735471	0.032515
0.737475	0.020220
0.739479	0.007891
0.741483	-0.004470
0.743487	-0.016862
0.745491	-0.029285
0.747495	-0.041738
0.749499	-0.054219
0.751503	-0.066728
0.753507	-0.079263
0.755511	-0.091824
0.757515	-0.104410
0.759519	-0.117020
0.761523	-0.129653
0.763527	-0.142308
0.765531	-0.154984
0.767535	-0.167680
0.769539	-0.180394
0.771543	-0.193127
0.773547	-0.205877
0.775551	-0.218642
0.777555	-0.231423
0.779559	-0.244218
0.781563	-0.257025
0.783567	-0.269845
0.785571	-0.282675
0.787575	-0.295515
0.789579	-0.308364
0.791583	-0.321221
0.793587	-0.334084
0.795591	-0.346953
0.797595	-0.359826
0.799599	-0.372703
0.801603	-0.385582
0.803607	-0.398462
0.805611	-0.411343
0.807615	-0.424222
0.809619	-0.437099
0.811623	-0.449973
0.813627	-0.462843
0.815631	-0.475707
0.817635	-0.488564
0.819639	-0.501413
0.821643	-0.514253
0.823647	-0.527083
0.825651	-0.539902
0.827655	-0.552708
0.829659	-0.565500
0.831663	-0.578277
0.833667	-0.591038
0.835671	-0.603781
0.837675	-0.616505
0.839679	-0.629209
0.841683	-0.641892
0.843687	-0.654553
0.845691	-0.667189
0.847695	-0.679800
0.849699	-0.692385
0.851703	-0.704942
0.853707	-0.717470
0.855711	-0.729968
0.857715	-0.742434
0.859719	-0.754866
0.861723	-0.767264
0.863727	-0.779626
0.865731	-0.791951
0.867735	-0.804238
0.869739	-0.816484
0.871743	-0.828689
0.873747	-0.840850
0.875752	-0.852968
0.877756	-0.865040
0.879760	-0.877064
0.881764	-0.889040
0.883768	-0.900965
0.885772	-0.912839
0.887776	-0.924660
0.889780	-0.936425
0.891784	-0.948135
0.893788	-0.959787
0.895792	-0.971379
0.897796	-0.982911
0.899800	-0.994380
0.901804	-1.005785
0.903808	-1.017125
0.905812	-1.028397
0.907816	-1.039601
0.909820	-1.050734
0.911824	-1.061795
0.913828	-1.072782
0.915832	-1.083693
0.917836	-1.094528
0.919840	-1.105284
0.921844	-1.115959
0.923848	-1.126552
0.925852	-1.137061
0.927856	-1.147485
0.929860	-1.157821
0.931864	-1.168068
0.933868	-1.178224
0.935872	-1.188287
0.937876	-1.198256
0.939880	-1.208129
0.941884	-1.217903
0.943888	-1.227578
0.945892	-1.237151
0.947896	-1.246620
0.949900	-1.255983
0.951904	-1.265240
0.953908	-1.274387
0.955912	-1.283422
0.957916	-1.292345
0.959920	-1.301153
0.961924	-1.309844
0.963928	-1.318415
0.965932	-1.326866
0.967936	-1.335195
0.969940	-1.343398
0.971944	-1.351474
0.973948	-1.359422
0.975952	-1.367239
0.977956	-1.374923
0.979960	-1.382472
0.981964	-1.389883
0.983968	-1.397156
0.985972	-1.404288
0.987976	-1.411276
0.989980	-1.418118
0.991984	-1.424814
0.993988	-1.431359
0.995992	-1.437753
0.997996	-1.443992
1.000000	-1.450075
