0.000000	-0.029051
0.002004	-0.029039
0.004008	-0.029002
0.006012	-0.028941
0.008016	-0.028856
0.010020	-0.028746
0.012024	-0.028612
0.014028	-0.028454
0.016032	-0.028272
0.018036	-0.028067
0.020040	-0.027837
0.022044	-0.027585
0.024048	-0.027308
0.026052	-0.027008
0.028056	-0.026685
0.030060	-0.026339
0.032064	-0.025970
0.034068	-0.025577
0.036072	-0.025162
0.038076	-0.024724
0.040080	-0.024264
0.042084	-0.023781
0.044088	-0.023275
0.046092	-0.022747
0.048096	-0.022197
0.050100	-0.021624
0.052104	-0.021030
0.054108	-0.020414
0.056112	-0.019776
0.058116	-0.019116
0.060120	-0.018434
0.062124	-0.017731
0.064128	-0.017007
0.066132	-0.016261
0.068136	-0.015494
0.070140	-0.014706
0.072144	-0.013897
0.074148	-0.013067
0.076152	-0.012217
0.078156	-0.011346
0.080160	-0.010454
0.082164	-0.009541
0.084168	-0.008609
0.086172	-0.007656
0.088176	-0.006683
0.090180	-0.005690
0.092184	-0.004677
0.094188	-0.003644
0.096192	-0.002591
0.098196	-0.001519
0.100200	-0.000428
0.102204	0.000683
0.104208	0.001813
0.106212	0.002963
0.108216	0.004131
0.110220	0.005319
0.112224	0.006525
0.114228	0.007750
0.116232	0.008994
0.118236	0.010256
0.120240	0.011537
0.122244	0.012835
0.124248	0.014153
0.126253	0.015488
0.128257	0.016841
0.130261	0.018212
0.132265	0.019601
0.134269	0.021007
0.136273	0.022431
0.138277	0.023873
0.140281	0.025332
0.142285	0.026808
0.144289	0.028301
0.146293	0.029811
0.148297	0.031338
0.150301	0.032882
0.152305	0.034442
0.154309	0.036019
0.156313	0.037613
0.158317	0.039223
0.160321	0.040849
0.162325	0.042491
0.164329	0.044149
0.166333	0.045824
0.168337	0.047514
0.170341	0.049219
0.172345	0.050940
0.174349	0.052677
0.176353	0.054429
0.178357	0.056196
0.180361	0.057979
0.182365	0.059776
0.184369	0.061589
0.186373	0.063416
0.188377	0.065258
0.190381	0.067114
0.192385	0.068985
0.194389	0.070870
0.196393	0.072770
0.198397	0.074684
0.200401	0.076611
0.202405	0.078553
0.204409	0.080508
0.206413	0.082478
0.208417	0.084460
0.210421	0.086457
0.212425	0.088466
0.214429	0.090489
0.216433	0.092525
0.218437	0.094574
0.220441	0.096636
0.222445	0.098711
0.224449	0.100798
0.226453	0.102898
0.228457	0.105010
0.230461	0.107135
0.232465	0.109272
0.234469	0.111422
0.236473	0.113583
0.238477	0.115756
0.240481	0.117941
0.242485	0.120138
0.244489	0.122346
0.246493	0.124566
0.248497	0.126797
0.250501	0.129039
0.252505	0.131293
0.254509	0.133558
0.256513	0.135833
0.258517	0.138119
0.260521	0.140416
0.262525	0.142724
0.264529	0.145042
0.266533	0.147371
0.268537	0.149709
0.270541	0.152058
0.272545	0.154417
0.274549	0.156786
0.276553	0.159165
0.278557	0.161553
0.280561	0.163951
0.282565	0.166358
0.284569	0.168775
0.286573	0.171201
0.288577	0.173637
0.290581	0.176081
0.292585	0.178534
0.294589	0.180996
0.296593	0.183467
0.298597	0.185947
0.300601	0.188435
0.302605	0.190931
0.304609	0.193436
0.306613	0.195949
0.308617	0.198470
0.310621	0.200998
0.312625	0.203535
0.314629	0.206080
0.316633	0.208632
0.318637	0.211191
0.320641	0.213758
0.322645	0.216333
0.324649	0.218914
0.326653	0.221503
0.328657	0.224099
0.330661	0.226701
0.332665	0.229311
0.334669	0.231927
0.336673	0.234550
0.338677	0.237179
0.340681	0.239814
0.342685	0.242456
0.344689	0.245104
0.346693	0.247758
0.348697	0.250417
0.350701	0.253083
0.352705	0.255755
0.354709	0.258432
0.356713	0.261114
0.358717	0.263802
0.360721	0.266495
0.362725	0.269194
0.364729	0.271897
0.366733	0.274606
0.368737	0.277320
0.370741	0.280038
0.372745	0.282761
0.374749	0.285488
0.376754	0.288220
0.378758	0.290957
0.380762	0.293698
0.382766	0.296442
0.384770	0.299191
0.386774	0.301944
0.388778	0.304701
0.390782	0.307462
0.392786	0.310226
0.394790	0.312994
0.396794	0.315765
0.398798	0.318540
0.400802	0.321318
0.402806	0.324099
0.404810	0.326884
0.406814	0.329671
0.408818	0.332461
0.410822	0.335254
0.412826	0.338049
0.414830	0.340848
0.416834	0.343648
0.418838	0.346451
0.420842	0.349257
0.422846	0.352064
0.424850	0.354874
0.426854	0.357686
0.428858	0.360499
0.430862	0.363315
0.432866	0.366132
0.434870	0.368951
0.436874	0.371771
0.438878	0.374593
0.440882	0.377416
0.442886	0.380240
0.444890	0.383065
0.446894	0.385892
0.448898	0.388719
0.450902	0.391548
0.452906	0.394377
0.454910	0.397207
0.456914	0.400037
0.458918	0.402868
0.460922	0.405699
0.462926	0.408531
0.464930	0.411363
0.466934	0.414195
0.468938	0.417027
0.470942	0.419859
0.472946	0.422691
0.474950	0.425522
0.476954	0.428353
0.478958	0.431184
0.480962	0.434015
0.482966	0.436844
0.484970	0.439674
0.486974	0.442502
0.488978	0.445329
0.490982	0.448156
0.492986	0.450982
0.494990	0.453806
0.496994	0.456629
0.498998	0.459451
0.501002	0.462272
0.503006	0.465091
0.505010	0.467908
0.507014	0.470724
0.509018	0.473538
0.511022	0.476351
0.513026	0.479161
0.515030	0.481970
0.517034	0.484776
0.519038	0.487580
0.521042	0.490382
0.523046	0.493182
0.525050	0.495979
0.527054	0.498774
0.529058	0.501566
0.531062	0.504356
0.533066	0.507142
0.535070	0.509926
0.537074	0.512708
0.539078	0.515486
0.541082	0.518261
0.543086	0.521032
0.545090	0.523801
0.547094	0.526566
0.549098	0.529328
0.551102	0.532087
0.553106	0.534842
0.555110	0.537593
0.557114	0.540340
0.559118	0.543084
0.561122	0.545824
0.563126	0.548559
0.565130	0.551291
0.567134	0.554019
0.569138	0.556742
0.571142	0.559461
0.573146	0.562176
0.575150	0.564886
0.577154	0.567592
0.579158	0.570293
0.581162	0.572990
0.583166	0.575681
0.585170	0.578368
0.587174	0.581050
0.589178	0.583727
0.591182	0.586399
0.593186	0.589065
0.595190	0.591727
0.597194	0.594383
0.599198	0.597034
0.601202	0.599679
0.603206	0.602318
0.605210	0.604952
0.607214	0.607581
0.609218	0.610203
0.611222	0.612820
0.613226	0.615431
0.615230	0.618035
0.617234	0.620634
0.619238	0.623227
0.621242	0.625813
0.623246	0.628393
0.625251	0.630966
0.627255	0.633533
0.629259	0.636094
0.631263	0.638648
0.633267	0.641195
0.635271	0.643735
0.637275	0.646269
0.639279	0.648795
0.641283	0.651315
0.643287	0.653827
0.645291	0.656333
0.647295	0.658831
0.649299	0.661322
0.651303	0.663805
0.653307	0.666281
0.655311	0.668749
0.657315	0.671210
0.659319	0.673663
0.661323	0.676108
0.663327	0.678546
0.665331	0.680976
0.667335	0.683397
0.669339	0.685811
0.671343	0.688216
0.673347	0.690613
0.675351	0.693002
0.677355	0.695383
0.679359	0.697755
0.681363	0.700118
0.683367	0.702473
0.685371	0.704819
0.687375	0.707157
0.689379	0.709486
0.691383	0.711806
0.693387	0.714117
0.695391	0.716418
0.697395	0.718711
0.699399	0.720995
0.701403	0.723269
0.703407	0.725534
0.705411	0.727789
0.707415	0.730035
0.709419	0.732272
0.711423	0.734499
0.713427	0.736716
0.715431	0.738923
0.717435	0.741120
0.719439	0.743308
0.721443	0.745485
0.723447	0.747653
0.725451	0.749810
0.727455	0.751957
0.729459	0.754094
0.731463	0.756220
0.733467	0.758336
0.735471	0.760441
0.737475	0.762535
0.739479	0.764619
0.741483	0.766692
0.743487	0.768755
0.745491	0.770806
0.747495	0.772846
0.749499	0.774876
0.751503	0.776894
0.753507	0.778900
0.755511	0.780896
0.757515	0.782880
0.759519	0.784853
0.761523	0.786814
0.763527	0.788764
0.765531	0.790701
0.767535	0.792627
0.769539	0.794542
0.771543	0.796444
0.773547	0.798334
0.775551	0.800213
0.777555	0.802079
0.779559	0.803932
0.781563	0.805774
0.783567	0.807603
0.785571	0.809420
0.787575	0.811224
0.789579	0.813015
0.791583	0.814794
0.793587	0.816560
0.795591	0.818313
0.797595	0.820054
0.799599	0.821781
0.801603	0.823495
0.803607	0.825196
0.805611	0.826884
0.807615	0.828558
0.809619	0.830219
0.811623	0.831866
0.813627	0.833500
0.815631	0.835121
0.817635	0.836727
0.819639	0.838320
0.821643	0.839899
0.823647	0.841464
0.825651	0.843015
0.827655	0.844551
0.829659	0.846074
0.831663	0.847582
0.833667	0.849076
0.835671	0.850556
0.837675	0.852020
0.839679	0.853471
0.841683	0.854906
0.843687	0.856327
0.845691	0.857733
0.847695	0.859124
0.849699	0.860500
0.851703	0.861861
0.853707	0.863207
0.855711	0.864538
0.857715	0.865853
0.859719	0.867153
0.861723	0.868437
0.863727	0.869706
0.865731	0.870959
0.867735	0.872196
0.869739	0.873418
0.871743	0.874623
0.873747	0.875813
0.875752	0.876987
0.877756	0.878144
0.879760	0.879285
0.881764	0.880410
0.883768	0.881518
0.885772	0.882610
0.887776	0.883685
0.889780	0.884744
0.891784	0.885786
0.893788	0.886811
0.895792	0.887819
0.897796	0.888810
0.899800	0.889784
0.901804	0.890741
0.903808	0.891681
0.905812	0.892603
0.907816	0.893508
0.909820	0.894396
0.911824	0.895266
0.913828	0.896118
0.915832	0.896952
0.917836	0.897769
0.919840	0.898567
0.921844	0.899348
0.923848	0.900111
0.925852	0.900855
0.927856	0.901581
0.929860	0.902289
0.931864	0.902978
0.933868	0.903649
0.935872	0.904301
0.937876	0.904935
0.939880	0.905549
0.941884	0.906145
0.943888	0.906722
0.945892	0.907280
0.947896	0.907819
0.949900	0.908338
0.951904	0.908838
0.953908	0.909319
0.955912	0.909780
0.957916	0.910222
0.959920	0.910644
0.961924	0.911047
0.963928	0.911429
0.965932	0.911792
0.967936	0.912135
0.969940	0.912457
0.971944	0.912760
0.973948	0.913042
0.975952	0.913304
0.977956	0.913545
0.979960	0.913766
0.981964	0.913966
0.983968	0.914145
0.985972	0.914304
0.987976	0.914442
0.989980	0.914559
0.991984	0.914655
0.993988	0.914729
0.995992	0.914783
0.997996	0.914815
1.000000	0.914826
