0.000000	0.000000
0.002004	0.000520
0.004008	0.001038
0.006012	0.001555
0.008016	0.002071
0.010020	0.002587
0.012024	0.003102
0.014028	0.003618
0.016032	0.004135
0.018036	0.004652
0.020040	0.005171
0.022044	0.005692
0.024048	0.006216
0.026052	0.006741
0.028056	0.007270
0.030060	0.007802
0.032064	0.008338
0.034068	0.008878
0.036072	0.009422
0.038076	0.009971
0.040080	0.010524
0.042084	0.011083
0.044088	0.011648
0.046092	0.012218
0.048096	0.012795
0.050100	0.013378
0.052104	0.013968
0.054108	0.014565
0.056112	0.015170
0.058116	0.015782
0.060120	0.016402
0.062124	0.017030
0.064128	0.017666
0.066132	0.018311
0.068136	0.018965
0.070140	0.019628
0.072144	0.020301
0.074148	0.020983
0.076152	0.021675
0.078156	0.022377
0.080160	0.023089
0.082164	0.023811
0.084168	0.024544
0.086172	0.025288
0.088176	0.026043
0.090180	0.026809
0.092184	0.027587
0.094188	0.028376
0.096192	0.029176
0.098196	0.029989
0.100200	0.030814
0.102204	0.031650
0.104208	0.032499
0.106212	0.033361
0.108216	0.034235
0.110220	0.035122
0.112224	0.036021
0.114228	0.036934
0.116232	0.037860
0.118236	0.038798
0.120240	0.039750
0.122244	0.040716
0.124248	0.041695
0.126253	0.042687
0.128257	0.043694
0.130261	0.044713
0.132265	0.045747
0.134269	0.046795
0.136273	0.047856
0.138277	0.048932
0.140281	0.050021
0.142285	0.051125
0.144289	0.052243
0.146293	0.053375
0.148297	0.054521
0.150301	0.055682
0.152305	0.056857
0.154309	0.058046
0.156313	0.059250
0.158317	0.060467
0.160321	0.061700
0.162325	0.062947
0.164329	0.064208
0.166333	0.065483
0.168337	0.066773
0.170341	0.068077
0.172345	0.069396
0.174349	0.070729
0.176353	0.072076
0.178357	0.073438
0.180361	0.074814
0.182365	0.076204
0.184369	0.077608
0.186373	0.079027
0.188377	0.080459
0.190381	0.081906
0.192385	0.083367
0.194389	0.084842
0.196393	0.086330
0.198397	0.087833
0.200401	0.089349
0.202405	0.090879
0.204409	0.092423
0.206413	0.093980
0.208417	0.095551
0.210421	0.097135
0.212425	0.098733
0.214429	0.100344
0.216433	0.101968
0.218437	0.103605
0.220441	0.105255
0.222445	0.106917
0.224449	0.108593
0.226453	0.110281
0.228457	0.111982
0.230461	0.113695
0.232465	0.115421
0.234469	0.117159
0.236473	0.118908
0.238477	0.120670
0.240481	0.122444
0.242485	0.124229
0.244489	0.126026
0.246493	0.127834
0.248497	0.129654
0.250501	0.131485
0.252505	0.133327
0.254509	0.135180
0.256513	0.137043
0.258517	0.138917
0.260521	0.140802
0.262525	0.142696
0.264529	0.144601
0.266533	0.146516
0.268537	0.148441
0.270541	0.150375
0.272545	0.152319
0.274549	0.154272
0.276553	0.156234
0.278557	0.158206
0.280561	0.160186
0.282565	0.162175
0.284569	0.164172
0.286573	0.166178
0.288577	0.168191
0.290581	0.170213
0.292585	0.172242
0.294589	0.174279
0.296593	0.176324
0.298597	0.178375
0.300601	0.180434
0.302605	0.182499
0.304609	0.184571
0.306613	0.186650
0.308617	0.188734
0.310621	0.190825
0.312625	0.192922
0.314629	0.195024
0.316633	0.197132
0.318637	0.199245
0.320641	0.201363
0.322645	0.203487
0.324649	0.205614
0.326653	0.207747
0.328657	0.209883
0.330661	0.212024
0.332665	0.214168
0.334669	0.216316
0.336673	0.218467
0.338677	0.220622
0.340681	0.222780
0.342685	0.224940
0.344689	0.227104
0.346693	0.229269
0.348697	0.231437
0.350701	0.233606
0.352705	0.235778
0.354709	0.237951
0.356713	0.240125
0.358717	0.242300
0.360721	0.244477
0.362725	0.246654
0.364729	0.248831
0.366733	0.251009
0.368737	0.253186
0.370741	0.255364
0.372745	0.257541
0.374749	0.259717
0.376754	0.261893
0.378758	0.264067
0.380762	0.266240
0.382766	0.268412
0.384770	0.270582
0.386774	0.272750
0.388778	0.274916
0.390782	0.277079
0.392786	0.279240
0.394790	0.281398
0.396794	0.283553
0.398798	0.285704
0.400802	0.287853
0.402806	0.289997
0.404810	0.292137
0.406814	0.294274
0.408818	0.296406
0.410822	0.298533
0.412826	0.300656
0.414830	0.302773
0.416834	0.304885
0.418838	0.306992
0.420842	0.309093
0.422846	0.311189
0.424850	0.313278
0.426854	0.315360
0.428858	0.317436
0.430862	0.319506
0.432866	0.321568
0.434870	0.323623
0.436874	0.325671
0.438878	0.327711
0.440882	0.329743
0.442886	0.331767
0.444890	0.333783
0.446894	0.335790
0.448898	0.337788
0.450902	0.339778
0.452906	0.341758
0.454910	0.343729
0.456914	0.345690
0.458918	0.347642
0.460922	0.349583
0.462926	0.351515
0.464930	0.353436
0.466934	0.355346
0.468938	0.357245
0.470942	0.359133
0.472946	0.361010
0.474950	0.362876
0.476954	0.364730
0.478958	0.366572
0.480962	0.368401
0.482966	0.370219
0.484970	0.372024
0.486974	0.373816
0.488978	0.375595
0.490982	0.377361
0.492986	0.379114
0.494990	0.380853
0.496994	0.382579
0.498998	0.384290
0.501002	0.385988
0.503006	0.387671
0.505010	0.389339
0.507014	0.390993
0.509018	0.392632
0.511022	0.394255
0.513026	0.395863
0.515030	0.397456
0.517034	0.399033
0.519038	0.400594
0.521042	0.402139
0.523046	0.403668
0.525050	0.405180
0.527054	0.406676
0.529058	0.408154
0.531062	0.409616
0.533066	0.411060
0.535070	0.412487
0.537074	0.413896
0.539078	0.415287
0.541082	0.416660
0.543086	0.418015
0.545090	0.419352
0.547094	0.420670
0.549098	0.421970
0.551102	0.423250
0.553106	0.424511
0.555110	0.425753
0.557114	0.426976
0.559118	0.428179
0.561122	0.429362
0.563126	0.430525
0.565130	0.431668
0.567134	0.432790
0.569138	0.433892
0.571142	0.434973
0.573146	0.436034
0.575150	0.437073
0.577154	0.438091
0.579158	0.439088
0.581162	0.440063
0.583166	0.441016
0.585170	0.441947
0.587174	0.442856
0.589178	0.443743
0.591182	0.444608
0.593186	0.445450
0.595190	0.446269
0.597194	0.447066
0.599198	0.447839
0.601202	0.448589
0.603206	0.449316
0.605210	0.450019
0.607214	0.450698
0.609218	0.451354
0.611222	0.451985
0.613226	0.452592
0.615230	0.453175
0.617234	0.453734
0.619238	0.454267
0.621242	0.454776
0.623246	0.455260
0.625251	0.455719
0.627255	0.456152
0.629259	0.456561
0.631263	0.456943
0.633267	0.457300
0.635271	0.457631
0.637275	0.457936
0.639279	0.458215
0.641283	0.458467
0.643287	0.458693
0.645291	0.458893
0.647295	0.459066
0.649299	0.459211
0.651303	0.459330
0.653307	0.459422
0.655311	0.459486
0.657315	0.459524
0.659319	0.459533
0.661323	0.459515
0.663327	0.459469
0.665331	0.459395
0.667335	0.459292
0.669339	0.459162
0.671343	0.459003
0.673347	0.458816
0.675351	0.458600
0.677355	0.458356
0.679359	0.458082
0.681363	0.457780
0.683367	0.457448
0.685371	0.457087
0.687375	0.456697
0.689379	0.456278
0.691383	0.455828
0.693387	0.455350
0.695391	0.454841
0.697395	0.454302
0.699399	0.453733
0.701403	0.453134
0.703407	0.452505
0.705411	0.451845
0.707415	0.451155
0.709419	0.450434
0.711423	0.449683
0.713427	0.448900
0.715431	0.448087
0.717435	0.447243
0.719439	0.446367
0.721443	0.445460
0.723447	0.444522
0.725451	0.443553
0.727455	0.442552
0.729459	0.441519
0.731463	0.440454
0.733467	0.439358
0.735471	0.438230
0.737475	0.437070
0.739479	0.435877
0.741483	0.434653
0.743487	0.433396
0.745491	0.432107
0.747495	0.430785
0.749499	0.429431
0.751503	0.428044
0.753507	0.426625
0.755511	0.425173
0.757515	0.423688
0.759519	0.422170
0.761523	0.420619
0.763527	0.419035
0.765531	0.417418
0.767535	0.415768
0.769539	0.414084
0.771543	0.412367
0.773547	0.410617
0.775551	0.408834
0.777555	0.407017
0.779559	0.405166
0.781563	0.403282
0.783567	0.401364
0.785571	0.399412
0.787575	0.397427
0.789579	0.395408
0.791583	0.393355
0.793587	0.391268
0.795591	0.389148
0.797595	0.386993
0.799599	0.384804
0.801603	0.382582
0.803607	0.380325
0.805611	0.378034
0.807615	0.375709
0.809619	0.373350
0.811623	0.370957
0.813627	0.368529
0.815631	0.366068
0.817635	0.363572
0.819639	0.361042
0.821643	0.358478
0.823647	0.355879
0.825651	0.353246
0.827655	0.350579
0.829659	0.347878
0.831663	0.345142
0.833667	0.342373
0.835671	0.339569
0.837675	0.336730
0.839679	0.333858
0.841683	0.330951
0.843687	0.328010
0.845691	0.325035
0.847695	0.322026
0.849699	0.318982
0.851703	0.315905
0.853707	0.312794
0.855711	0.309648
0.857715	0.306469
0.859719	0.303255
0.861723	0.300008
0.863727	0.296726
0.865731	0.293411
0.867735	0.290063
0.869739	0.286680
0.871743	0.283264
0.873747	0.279814
0.875752	0.276331
0.877756	0.272814
0.879760	0.269264
0.881764	0.265681
0.883768	0.262064
0.885772	0.258414
0.887776	0.254732
0.889780	0.251016
0.891784	0.247267
0.893788	0.243486
0.895792	0.239672
0.897796	0.235825
0.899800	0.231946
0.901804	0.228034
0.903808	0.224090
0.905812	0.220114
0.907816	0.216106
0.909820	0.212066
0.911824	0.207995
0.913828	0.203891
0.915832	0.199756
0.917836	0.195590
0.919840	0.191393
0.921844	0.187164
0.923848	0.182905
0.925852	0.178614
0.927856	0.174294
0.929860	0.169942
0.931864	0.165561
0.933868	0.161149
0.935872	0.156707
0.937876	0.152235
0.939880	0.147734
0.941884	0.143204
0.943888	0.138644
0.945892	0.134055
0.947896	0.129438
0.949900	0.124791
0.951904	0.120117
0.953908	0.115414
0.955912	0.110683
0.957916	0.105924
0.959920	0.101138
0.961924	0.096324
0.963928	0.091483
0.965932	0.086615
0.967936	0.081721
0.969940	0.076800
0.971944	0.071854
0.973948	0.066881
0.975952	0.061882
0.977956	0.056859
0.979960	0.051810
0.981964	0.046736
0.983968	0.041638
0.985972	0.036515
0.987976	0.031368
0.989980	0.026198
0.991984	0.021004
0.993988	0.015787
0.995992	0.010547
0.997996	0.005285
1.000000	0.000000
